# 小林, 4664
メガネ37.5%, 6641 5530 6632 5491
GPA0の執行人, 5527 5518 5520 5523
メガネーズ, 6151 6772 6666 6665
わたなべ, 6629 6628 6627 6622
大中小, 6636 6639 6640
藤原三姉妹, 6137 6140 6176
毛先パサパサりん, 6631 6656 6663
チーム人シス, 6800 6753 6801 6805
ケーズホールディングス, 6054 6063 6064
cocacola, 6746 6748 6795 6755
ジャルジャル, 6158 6136
きんようび!, 6677 6700 6695 6697
Aチーム, 6742 6719 6750 6744
ただち, 6727 6732 6722 6740
関学王, 6139 6141 6149 6146
max value ♪, 6652 66616662 6667
フレンズ, 6660 6701 6623 6624
チームFK, 6668 6653 6655
仮進級, 6788 6769 6734 6802
結構無茶な割り込みされてもサンキューハザードで許しちゃうね．,6657 6658 6650 6682
でぶぷよ(前世は神), 6626 6649 6645
420, 6680 6694 6625
orange, 6633 6634 6635
POSKA, 6756 6759 6752
たけのこの里, 6643 6644 6647
